6 3.02474763443e-05
6 2.55213081655e-05
6 3.78093454304e-06
6 6.61663545033e-06
6 3.30831772516e-06
6 3.78093454304e-06
6 2.88296258907e-05
6 3.26105604337e-05
6 6.14401863245e-06
6 3.30831772516e-05
6 4.25355136092e-06
6 8.97971953973e-06
6 2.64665418013e-05
6 4.25355136092e-06
6 3.78093454304e-06
6 3.78093454304e-06
8 3.30831772516e-06
8 2.69391586192e-05
8 3.45010277053e-05
8 3.1665326798e-05
8 3.45010277053e-05
8 1.9849906351e-05
8 3.30831772516e-06
8 3.30831772516e-06
8 2.26856072583e-05
8 3.30831772516e-06
8 6.61663545033e-06
8 2.69391586192e-05
8 1.89046727152e-05
8 3.40284108874e-05
8 2.50486913477e-05
8 3.78093454305e-06
10 3.30831772516e-06
10 3.63914949768e-05
10 3.30831772516e-06
10 4.25355136092e-05
10 3.49736445232e-05
10 3.5446261341e-05
10 4.67890649702e-05
10 5.62414013278e-05
10 9.45233635761e-06
10 3.92271958841e-05
10 5.95497190529e-05
10 3.30831772516e-06
10 2.83570090728e-05
10 1.9849906351e-05
10 2.59939249834e-05
10 6.14401863244e-06
12 0.000985878682099
12 4.25355136092e-06
12 3.35557940695e-05
12 3.5446261341e-05
12 7.79817749503e-05
12 9.73590644834e-05
12 6.61663545033e-06
12 6.66389713211e-05
12 5.1515233149e-05
12 3.07200931622e-05
12 3.59188781589e-05
12 3.45010277053e-05
12 3.30831772516e-06
12 3.92271958841e-05
12 2.83570090728e-06
12 3.63914949768e-05
14 4.86795322417e-05
14 4.20628967914e-05
14 9.31055131224e-05
14 3.78093454304e-06
14 5.71866349635e-05
14 0.00012477083992
14 0.000117681587652
14 3.78093454304e-06
14 0.00015832663399
14 0.000152182615357
14 0.00014934691445
14 8.08174758576e-05
14 5.24604667847e-05
14 8.74341113079e-05
14 0.00012713392401
14 9.4995980394e-05
16 6.99472890463e-05
16 0.000244815511662
16 0.000195190745785
16 0.000174868222616
16 0.000230637007126
16 2.22129904404e-05
16 5.38783172384e-05
16 0.000166833736712
16 3.35557940695e-05
16 0.000159271867626
16 6.94746722284e-05
16 0.000130442241735
16 0.000103030466298
16 0.000135168409914
16 5.57687845099e-05
16 0.000147456447179
18 0.000578955601904
18 0.000130442241735
18 0.000483014387874
18 0.000545872424652
18 0.000417793267006
18 2.03225231689e-05
18 0.000250959530294
18 0.000144148129454
18 0.000241034577119
18 0.000469308500155
18 2.83570090728e-05
18 0.000355407847046
18 0.000679150367294
18 0.000450876444258
18 0.00114278746563
18 6.7111588139e-05
20 0.00085401858991
20 0.000957049056208
20 0.000291131959814
20 0.000139421961275
20 0.000132332709007
20 0.000307200931622
20 0.000799667655854
20 6.85294385927e-05
20 0.000986351298916
20 2.41034577119e-05
20 0.00108276512976
20 0.000654101675947
20 0.000138004110821
20 7.75091581324e-05
20 0.000308618782076
20 7.98722422218e-05
22 0.000785961768135
22 0.000452766911529
22 0.00155727241492
22 0.000312399716619
22 0.00183753418792
22 0.000959412140297
22 0.000245760745298
22 0.00070230859137
22 0.00203083446643
22 0.00106905924205
22 0.000374785136579
22 0.000476397752423
22 8.93245785794e-05
22 0.00119288484833
22 0.000523659434211
22 0.00155018316265
24 0.00318827305342
24 0.00368830164674
24 0.00203367016734
24 0.00349783706913
24 0.00032563298752
24 0.00264476371286
24 0.00090742429033
24 0.00322844548294
24 0.0029023398786
24 0.000517515415579
24 0.000159744484444
24 0.00267453857239
24 0.00110686858748
24 0.000944761018943
24 0.00320765034295
24 0.00474838116924
26 0.00245949792025
26 0.00136444475322
26 0.00599939788617
26 0.000529803452844
26 0.000487267939235
26 0.00537979723793
26 0.0089367114093
26 0.00714502105272
26 0.00841494244236
26 0.00220050390405
26 0.00778494422413
26 0.00692998040058
26 0.004128780521
26 0.0127823944564
26 0.00712233544546
26 0.00141879568728
28 0.0066634245153
28 0.0105847262532
28 0.00984697140054
28 0.000944288402125
28 0.00323884305293
28 0.0143354133199
28 0.00605516667068
28 0.00172694185254
28 0.00332580454742
28 1.1815420447e-05
28 0.01565874041
28 0.0207516592395
28 0.0141128107987
28 0.0159541259212
28 0.0170397267519
28 0.0161034728356
30 0.0170638302096
30 0.0119000188574
30 0.0196480989697
30 0.0188470134634
30 0.00679055843931
30 0.0193692550472
30 0.00858177617907
30 0.00657220946945
30 0.000216931119407
30 0.0164508461968
30 0.0337604371517
30 0.0431730736966
30 0.0040810462224
30 0.0202686448516
30 0.00262822212423
30 0.0312224848396
32 0.0137904861289
32 0.0570216916941
32 0.0368154322624
32 0.0178327777723
32 0.0192912732722
32 0.00333951043514
32 0.0799965404449
32 0.0676650224328
32 0.0531481242547
32 0.0129454472586
32 0.0273905076803
32 0.0133117252924
32 0.00925194682683
32 0.0542909117204
32 0.00994433046502
32 0.0504230156828
34 0.0406941984868
34 0.145064060847
34 0.0145079184585
34 0.0916125165948
34 0.152032795826
34 0.146514521861
34 0.216823362773
34 0.19813656641
34 0.186162346713
34 0.125533170848
34 0.0197260807447
34 0.0430634265948
34 0.119908558098
34 0.163672875434
34 0.074237704519
34 0.0943962296521
36 0.141196637426
36 0.110265284546
36 0.256247167253
36 0.160530446212
36 0.488532661839
36 0.021853329042
36 0.049397437188
36 0.471904111719
36 0.181015076949
36 0.0210650041897
36 0.617994223677
36 0.00801038244626
36 0.354401645841
36 0.0355266062001
36 0.489145645852
36 0.1254362844
38 1.14955439323
38 0.0796349885792
38 0.101475556967
38 0.143149962734
38 1.38365426378
38 0.181704624886
38 1.34276723764
38 1.31064489037
38 0.510210177425
38 0.0730627791098
38 0.127317299335
38 0.251841905893
38 0.114641243663
38 0.399577196995
38 1.44802940055
38 1.60938645357
40 0.645826155465
40 2.47501582085
40 2.07003330531
40 0.108455162134
40 3.56356436261
40 1.11584310823
40 0.240492485629
40 0.370344901575
40 0.354084047339
40 2.18134590872
40 0.315072364724
40 2.80954062118
40 1.25462278325
40 1.23604090782
40 0.597622075743
40 0.653782659594
