-256 -16829413.1149
-255 -8429597.71161
-254 7436096.0314
-253 16174128.7003
-252 10009633.1642
-251 -5105705.16766
-250 -15225158.3066
-249 -11271211.2892
-248 2829385.59081
-247 14022807.7359
-246 12208480.8899
-245 -652849.340517
-244 -12610403.1139
-243 -12823215.5379
-242 -1383427.71091
-241 11033109.4271
-240 13124291.4626
-239 3244802.01723
-238 -9336777.28744
-237 -13127030.7979
-236 -4902885.75183
-235 7566843.75068
-234 12852433.5847
-233 6335797.30754
-232 -5767310.30704
-231 -12326323.3395
-230 -7528242.96711
-229 3979818.02516
-228 11578431.7372
-227 8471437.68625
-226 -2242836.36398
-225 -10641448.023
-224 -9162876.41185
-223 590978.476253
-222 9550058.20368
-221 9605970.37564
-220 945547.988252
-219 -8339997.91169
-218 -9809565.30446
-217 -2341349.40944
-216 7047141.14859
-215 9787360.43699
-214 3576112.64617
-213 -5706644.96363
-212 -9557248.60991
-211 -4634731.59827
-210 4352167.58503
-209 9140598.46959
-208 5507299.42074
-207 -3015174.68202
-206 -8561500.08681
-205 -6188974.95937
-204 1724345.379
-203 7845994.92457
-202 6679734.62477
-201 -505086.459896
-200 -7021310.2696
-199 -6984023.14142
-198 -620840.022414
-197 6115116.93366
-196 7110318.36311
-195 1635573.69509
-194 -5154827.31823
-193 -7070626.61593
-192 -2525298.38998
-191 4166948.88123
-190 6879925.80643
-189 3280274.11836
-188 -3176505.71738
-187 -6555573.8212
-186 -3894764.96686
-185 2206538.4393
-184 6116699.56293
-183 4366871.66724
-182 -1277689.90092
-181 -5583593.3461
-180 -4698279.517
-179 407881.612891
-178 4977112.35219
-177 4893933.86211
-176 387916.963874
-175 -4318115.46801
-174 -4961656.47818
-173 -1097826.62848
-172 3626940.15655
-171 4911716.89396
-170 1713106.94412
-169 -2922932.09753
-168 -4756372.9945
-167 -2228120.01916
-166 2224036.24913
-165 4509395.13488
-164 2640216.47962
-163 -1546455.78777
-162 -4185587.51401
-161 -2949552.17801
-160 904383.144935
-159 3800319.73399
-158 3158845.48657
-157 -309805.141264
-156 -3369080.34591
-155 -3273085.98024
-154 -227617.921347
-153 2907062.80409
-152 3299205.91925
-151 700601.355816
-150 -2428792.66967
-149 -3245726.19545
-148 -1104217.34572
-147 1947803.17579
-146 3122388.32346
-145 1435813.93667
-144 -1476364.44681
-143 -2939783.65697
-142 -1694878.68901
-141 1025269.80793
-140 2708990.32283
-139 1882854.99016
-138 -603680.784961
-137 -2441227.42407
-136 -2002919.80504
-135 219030.625377
-134 2147534.91059
-133 2059732.12506
-132 123015.480184
-131 -1838486.19592
-130 -2059161.56312
-129 -418546.793199
-128 1523939.1585
-127 2008006.44538
-126 665344.662246
-125 -1212829.65403
-124 -1913710.3888
-123 -862777.10892
-122 913010.129659
-121 1784085.75203
-120 1011656.92737
-119 -631134.417656
-118 -1627051.53821
-117 -1114070.46339
-116 372588.337966
-115 1450392.34593
-114 1173184.5901
-113 -141464.396224
-112 -1261543.84931
-111 -1193039.50061
-110 -59422.3409361
-109 1067409.08004
-108 1178334.80414
-107 228481.148895
-106 -874208.525007
-105 -1134216.05911
-104 -365260.130824
-103 687365.784661
-102 1066068.32754
-101 470333.735611
-100 -511429.297521
-99 -979322.618186
-98 -545169.190361
-97 350029.463218
-96 879280.232207
-95 591977.949647
-94 -205869.421641
-93 -770959.070545
-92 -613558.27563
-91 80746.7978026
-90 658964.94074
-89 613134.87871
-88 24397.0766169
-87 -547389.85008
-86 -594201.184642
-85 -109404.586455
-84 439738.226367
-83 560369.272892
-82 174810.477646
-81 -338881.000696
-80 -515231.878194
-79 -221736.573232
-78 247036.549172
-77 462240.091578
-76 251777.503726
-75 -165776.649138
-74 -404599.569174
-73 -266882.314111
-72 96054.8828168
-71 345187.188508
-70 269236.568114
-69 -38254.3348895
-68 -286489.21409
-67 -261149.184622
-66 -7749.0074042
-65 230561.177276
-64 244947.73241
-63 42511.0255681
-62 -179008.867669
-61 -222885.301776
-60 -66936.412394
-59 132989.100171
-58 197061.391701
-57 82191.7588084
-56 -93228.284725
-55 -169358.526367
-54 -89618.5876548
-53 60056.3023305
-52 141395.573471
-51 90649.8364912
-50 -33452.7938473
-49 -114498.005964
-48 -86732.8782448
-47 13102.7053509
-46 89684.6547504
-45 79261.6633104
-44 1542.19171518
-43 -67669.8659613
-42 -69519.9924525
-41 -11199.077663
-40 48879.4233274
-39 58637.3113015
-38 16690.2928786
-37 -33478.1407735
-36 -47557.7795803
-35 -18882.8557248
-34 21406.6854804
-33 37022.7365323
-32 18633.8104125
-31 -12424.965669
-30 -27566.0823122
-29 -16743.4828987
-28 6159.31400297
-27 19521.5454506
-26 13918.2168382
-25 -2150.71593909
-24 -13040.3284129
-23 -10743.6142514
-22 -98.5327750208
-21 8117.23300508
-20 7668.74010611
-19 1082.11345377
-18 -4623.07749113
-17 -5001.18975276
-16 -1252.95523413
-15 2341.03622457
-14 2912.38562574
-13 994.115209132
-12 -1004.4645025
-11 -1451.98577991
-10 -598.423221978
-9 333.815973046
-8 569.870350055
-7 257.538746698
-6 -70.4127055461
-5 -143.838641199
-4 -60.5441996246
-3 5.08032029016
-2 10.9115691219
-1 1.68294196962
0 0.0
1 0.0
2 3.6371897073
3 2.54016014508
4 -36.3265197748
5 -95.8924274663
6 -50.2947896758
7 193.154060023
8 443.232494487
9 267.052778437
10 -489.6189998
11 -1209.98814993
12 -849.931502113
13 852.098750684
14 2524.06754231
15 2048.40669649
16 -1105.54873599
17 -4445.50200245
18 -4136.43775522
19 973.90210839
20 6938.38390553
21 7379.30273189
22 -89.9647076277
23 -9848.31306379
24 -11997.1021399
25 -1985.27625147
26 12887.2378131
27 18127.149347
28 5734.5337269
29 -15627.2507054
30 -25787.6253888
31 -11648.4053147
32 17504.4885693
33 34844.928501
34 20183.4463101
35 -17833.8081845
36 -44987.0887922
37 -31716.1333644
38 15834.3804233
39 55705.4457364
40 46495.0612139
41 -10665.7882504
42 -66286.5044315
43 -64593.9629631
44 1473.64986118
45 75815.504036
46 85868.2864631
47 12556.7592946
48 -83192.7607654
49 -109918.085725
50 -32140.9195787
51 87163.3043184
52 136059.891453
53 57831.9948368
54 -86359.7299219
55 -163310.007568
56 -89957.11684
57 79357.5602288
58 190381.344525
59 128556.130165
60 -64741.7759221
61 -215695.453332
62 -173326.046473
63 41182.5560191
64 237410.879105
65 223574.474934
66 -7517.69375035
67 -253468.326251
68 -278185.178899
69 -37161.3538927
70 261652.439435
71 335598.655494
72 93423.2421916
73 -259669.278594
74 -393810.24733
75 -161414.105739
76 245237.828304
77 450387.781537
78 240782.45932
79 -216193.158901
80 -502510.103424
81 -330615.610435
82 170598.176979
83 547027.147347
84 429391.44457
85 -106860.293747
86 -580541.387294
87 -534949.171669
88 23848.8277041
89 599509.659183
90 644482.19479
91 78991.432633
92 -600363.474004
93 -754555.686066
94 -201535.328554
95 579645.075696
96 861150.742883
97 342886.004785
98 -534155.671364
99 -959736.165822
100 -501301.984699
101 461111.505501
102 1045367.97167
103 674147.211879
104 -358302.794998
105 -1112815.7561
106 -857868.178745
107 224250.016508
108 1156713.98205
109 1048001.64222
110 -58351.6681264
111 -1171735.22382
112 -1239215.63959
113 -138982.564711
114 1152781.37984
115 1425385.58134
116 366219.306548
117 -1095187.91316
118 -1599706.13421
119 -620615.510695
120 994935.325266
121 1754838.44462
122 898164.436494
123 -848861.349098
124 -1883091.02258
125 -1193578.38968
126 654866.79355
127 1976631.34467
128 1500312.19481
129 -412107.611765
130 -2027723.982
131 -1810630.34446
132 121165.623339
133 2028989.85454
134 2115719.57858
135 215809.586769
136 -1973680.09986
137 -2405847.31647
138 -594994.730501
139 1855957.06172
140 2670564.92818
141 1010829.3881
142 -1671174.09196
143 -2898953.3284
144 -1456000.79926
145 1416145.25261
146 3079906.84967
147 1921481.51126
148 -1089395.63638
149 -3202449.84618
150 -2396623.23033
151 691382.916924
152 3256079.04448
153 2869308.7417
154 -224680.91591
155 -3231123.33947
156 -3326162.12494
157 -305883.557198
158 3119111.58108
159 3752815.73732
160 893148.571706
161 -2913137.95359
162 -4134230.612
163 -1527596.57085
164 2608213.85563
165 4455065.07302
166 2197401.08447
167 -2201594.78084
168 -4700084.55669
169 -2888544.66108
170 1693070.60559
171 4854603.90682
172 3585010.21254
173 -1085207.93161
174 -4904951.83271
175 -4269045.97405
176 383533.721344
177 4838945.84118
178 4921502.15831
179 403349.59497
180 -4646364.8262
181 -5522235.17747
182 -1263726.07686
183 4319405.67086
184 6050573.08117
185 2182812.21953
186 -3853109.72658
187 -6485833.67416
188 -3142891.90026
189 3245744.91712
190 6807884.69851
191 4123543.16372
192 -2499129.49475
193 -6997733.55804
194 -5101957.29445
195 1618884.16759
196 7038132.38988
197 6053348.07574
198 -614600.424198
199 -6914182.91001
200 -6951446.48582
201 -500085.603857
202 6613924.43142
203 7769073.4057
204 1707522.49725
205 -6128887.82384
206 -8478780.27921
207 -2986182.61777
208 5454597.99088
209 9053545.15083
210 4310914.81171
211 -4591007.71527
212 -9467509.18634
213 -5653311.83313
214 3542846.48202
215 9696736.72924
216 6982190.53893
217 -2319869.13963
218 -9719980.23319
219 -8264179.74885
220 936990.992883
221 9519430.10198
222 9464407.45745
223 585701.882715
224 -9081428.62152
225 -10547275.9166
226 -2223075.69117
227 8397126.82935
228 11477310.0626
229 3945210.9119
230 -7463063.37432
231 -12220061.9314
232 -5717805.49754
233 6281645.1938
234 12743051.1712
235 7502717.95618
236 -4861511.18852
237 -13016719.6147
238 -9258645.25993
239 3217762.00042
240 13015376.1807
241 10941926.7045
242 -1372041.47461
243 -12718107.2138
244 -12507461.0476
245 -647541.622302
246 12109626.7936
247 13909720.5768
248 2806659.60213
249 -11181041.5989
250 -15103842.3041
251 -5065183.69807
252 9930505.62934
253 16046773.3562
254 7377773.70958
255 -8363741.47949