-256 -16698189.1222
-255 -8363612.34962
-254 7377658.90186
-253 16046521.6658
-252 9930348.63026
-251 -5065102.97801
-250 -15103599.6721
-249 -11180860.5352
-248 2806613.78361
-247 13909491.6554
-246 12109425.8706
-245 -647530.790224
-244 -12507250.1008
-243 -12717890.9416
-242 -1372017.94933
-241 10941737.5287
-240 13015149.2739
-239 3217705.43134
-238 -9258481.11702
-237 -13016486.8907
-236 -4861423.53055
-235 7502581.51832
-234 12742817.4481
-233 6281528.98755
-232 -5717698.80614
-231 -12219831.9284
-230 -7462921.67956
-229 3945135.35052
-228 11477088.3046
-227 8396963.14905
-226 -2223031.97287
-225 -10547066.6452
-224 -9081246.81842
-223 585690.051788
-222 9464214.55037
-221 9519234.30951
-220 936971.545166
-219 -8264006.64802
-218 -9719774.76284
-217 -2319819.64592
-216 6982040.19029
-215 9696525.97644
-214 3542768.75734
-213 -5653186.63799
-212 -9467297.53676
-211 -4590904.10417
-210 4310816.59082
-209 9053336.8893
-208 5454471.30475
-207 -2986112.58863
-206 -8478579.50298
-205 -6128741.26985
-204 1707481.2647
-203 7768883.94384
-202 6613761.53491
-201 -500073.163917
-200 -6951271.82636
-199 -6914007.43204
-198 -614584.667637
-197 6053191.30199
-196 7037948.24199
-195 1618841.37393
-194 -5101821.0315
-193 -6997544.71592
-192 -2499061.34658
-191 4123429.53619
-190 6807695.11665
-189 3245653.57003
-188 -3142802.50181
-187 -6485647.20318
-186 -3852997.75013
-185 2182748.09461
-184 6050393.38964
-183 4319275.98234
-182 -1263687.71471
-181 -5522065.67976
-180 -4646220.61873
-179 403336.935702
-178 4921345.9499
-177 4838790.50779
-176 383521.268951
-175 -4268905.7755
-174 -4904788.88833
-173 -1085171.46138
-172 3584888.32317
-171 4854436.90978
-170 1693011.67519
-169 -2888442.92311
-168 -4699917.03158
-167 -2201515.36396
-166 2197320.85807
-165 4454900.43646
-164 2608116.28665
-163 -1527538.72049
-162 -4134072.10304
-161 -2913024.86594
-160 893113.463665
-159 3752666.35368
-158 3118985.84087
-157 -305871.068077
-156 -3326024.56654
-155 -3230987.97611
-154 -224671.380178
-153 2869185.36241
-152 3255937.17977
-151 691352.392292
-150 -2396515.99887
-149 -3202304.62353
-148 -1089345.56304
-147 1921391.98178
-146 3079761.36517
-145 1416077.42956
-144 -1455930.09215
-143 -2898810.56501
-142 -1671090.62507
-141 1010778.18094
-140 2670427.69463
-139 1855860.30659
-138 -594963.259289
-137 -2405718.19199
-136 -1973572.60094
-135 215797.656996
-134 2115600.86465
-133 2028874.2821
-132 121158.616305
-131 -1810524.02442
-130 -2027603.06823
-129 -412082.653697
-128 1500219.90198
-127 1976507.82066
-126 654825.214706
-125 -1193501.38462
-124 -1882967.55739
-123 -848804.780969
-122 898103.593489
-121 1754717.58798
-120 994865.651924
-119 -620571.313607
-118 -1599590.26385
-117 -1095107.2185
-116 366191.853826
-115 1425276.85628
-114 1152691.89207
-113 -138971.583156
-112 -1239115.96008
-111 -1171639.25861
-110 -58346.8014318
-109 1047912.61728
-108 1156613.88565
-107 224230.244862
-106 -857791.10164
-105 -1112713.8499
-104 -358269.346268
-103 674083.04405
-102 1045266.49933
-101 461065.850896
-100 -501251.348135
-99 -959637.244346
-98 -534099.47994
-97 342849.182834
-96 861056.318459
-95 579580.165833
-94 -201512.274867
-93 -754467.495826
-92 -600291.763125
-91 78981.7877695
-90 644401.73509
-89 599433.113006
-88 23845.7126535
-87 -534877.673518
-86 -580461.969867
-85 -106845.327319
-84 429329.856583
-83 546946.773096
-82 170572.492219
-81 -330564.589507
-80 -502430.592331
-79 -216158.074001
-78 240742.369
-77 450310.818485
-76 245194.804124
-75 -161385.022117
-74 -393737.346506
-73 -259619.874241
-72 93404.9669095
-71 335531.130613
-70 261598.267087
-69 -37153.4337405
-68 -278124.119817
-67 -253411.006412
-66 -7515.94137418
-65 223520.73107
-64 237351.997438
-63 41172.01261
-62 -173280.21727
-61 -215636.520148
-60 -64723.4872848
-59 128518.562623
-58 190323.757911
-57 79332.6988378
-56 -89927.9099838
-55 -163255.021034
-54 -86329.5553133
-53 57811.0108038
-52 136008.586818
-51 87129.1226305
-50 -32127.800836
-49 -109871.351845
-48 -83155.8845417
-47 12550.9513579
-46 85826.8041991
-45 75777.2133774
-44 1472.87097647
-43 -64558.1966491
-42 -66248.0105264
-41 -10659.284721
-40 46465.2566875
-39 55667.8577164
-38 15823.1184173
-37 -31692.3224534
-36 -44951.3847535
-35 -17818.8217911
-34 20165.4574988
-33 34811.9314096
-32 17486.8429155
-31 -11635.8801477
-30 -25757.9844401
-29 -15608.0053228
-28 5726.94836483
-27 18101.3271969
-26 12867.4112934
-25 -1981.96745771
-24 -11975.3682592
-23 -9828.84999449
-22 -89.7699788233
-21 7361.73296348
-20 6920.12500052
-19 971.054441406
-18 -4122.91998478
-17 -4429.15824509
-16 -1100.94228293
-15 2038.65237889
-14 2510.19903933
-13 846.636579206
-12 -843.492627097
-11 -1198.98825765
-10 -484.178788692
-9 263.343712069
-8 435.317628514
-7 188.555153832
-6 -48.6182966866
-5 -91.097806093
-4 -33.2993097935
-3 2.1168001209
-2 1.81859485365
-1 -0.841470984808
0 0.0
1 0.841470984808
2 9.09297426826
3 4.65696026598
4 -57.5169896434
5 -139.044019826
6 -68.7362125569
7 252.939840507
8 561.955484082
9 330.106906679
10 -592.983010869
11 -1440.98588764
12 -998.025627481
13 988.653037653
14 2898.51712276
15 2331.28190696
16 -1248.34878106
17 -4984.8459954
18 -4609.55972068
19 1079.26578678
20 7650.4812011
21 8099.66323667
22 -98.3380462164
23 -10724.1511821
24 -13018.5945322
25 -2147.40714534
26 13898.3903184
27 19495.7233005
28 6151.7286409
29 -16724.2375161
30 -27536.4413635
31 -12412.440502
32 18616.1647587
33 36989.7394409
34 21388.6966691
35 -18867.8693313
36 -47522.0755416
37 -33454.3298626
38 16679.0308726
39 58599.7232815
40 48849.618801
41 -11192.5741335
42 -69481.4985475
43 -67634.0996474
44 1541.41283048
45 79223.3726517
46 89643.1724864
47 13096.8974142
48 -86696.0020211
49 -114451.272084
50 -33439.6751046
51 90615.6548032
52 141344.268836
53 60035.3182975
54 -89588.4130462
55 -169303.539832
56 -93199.0778689
57 82166.8974174
58 197003.805088
59 132951.532629
60 -66918.1237568
61 -222826.368593
62 -178963.038466
63 42500.482159
64 244888.850743
65 230507.433412
66 -7747.25502804
67 -261091.864784
68 -286428.155008
69 -38246.4147374
70 269182.395766
71 345119.663628
72 96036.6075346
73 -266832.909758
74 -404526.668351
75 -165747.565515
76 251734.479545
77 462163.128525
78 246996.458852
79 -221701.488331
80 -515152.367102
81 -338829.979768
82 174784.792885
83 560288.898641
84 439676.63838
85 -109389.620027
86 -594121.767215
87 -547318.351929
88 24393.9615662
89 613058.332533
90 658884.48104
91 80737.1529391
92 -613486.564752
93 -770870.880306
94 -205846.367955
95 591913.039784
96 879185.807783
97 349992.641267
98 -545112.998938
99 -979223.696709
100 -511378.660957
101 470288.081006
102 1065966.85521
103 687301.616832
104 -365226.682094
105 -1134114.1529
106 -874131.447902
107 228461.377249
108 1178234.70775
109 1067320.05509
110 -59417.4742415
111 -1192943.5354
112 -1261444.16981
113 -141453.414669
114 1173095.10234
115 1450283.62086
116 372560.885244
117 -1113989.76873
118 -1626935.66785
119 -631090.220568
120 1011587.25403
121 1783964.89539
122 912949.286654
123 -862720.54079
124 -1913586.92361
125 -1212752.64897
126 665303.083402
127 2007882.92136
128 1523846.86568
129 -418521.835131
130 -2059040.64934
131 -1838379.87587
132 123008.47315
133 2059616.55262
134 2147416.19666
135 219018.695605
136 -2002812.30613
137 -2441098.29959
138 -603649.313749
139 1882758.23502
140 2708853.08928
141 1025218.60077
142 -1694795.22212
143 -2939640.89358
144 -1476293.7397
145 1435746.11362
146 3122242.83896
147 1947713.64632
148 -1104167.27238
149 -3245580.9728
150 -2428685.4382
151 700570.831184
152 3299064.05453
153 2906939.4248
154 -227608.385615
155 -3272950.61688
156 -3368942.78751
157 -309792.652143
158 3158719.74636
159 3800170.35035
160 904348.036894
161 -2949439.09036
162 -4185429.00506
163 -1546397.93741
164 2640118.91065
165 4509230.49833
166 2223956.02273
167 -2228040.60228
168 -4756205.46939
169 -2922830.35955
170 1713048.01371
171 4911549.89692
172 3626818.26717
173 -1097790.15826
174 -4961493.53379
175 -4317975.26946
176 387904.51148
177 4893778.52871
178 4976956.14378
179 407868.953623
180 -4698135.30952
181 -5583423.8484
182 -1277651.53876
183 4366741.97873
184 6116519.8714
185 2206474.31438
186 -3894652.99041
187 -6555387.35021
188 -3176416.31893
189 3280182.77127
190 6879736.22457
191 4166835.2537
192 -2525230.24182
193 -7070437.77381
194 -5154691.05528
195 1635530.90143
196 7110134.21522
197 6114960.15991
198 -620824.265853
199 -6983847.66345
200 -7021135.61014
201 -505074.019956
202 6679571.72825
203 7845805.4627
204 1724304.14644
205 -6188828.40538
206 -8561299.31058
207 -3015104.65288
208 5507172.73461
209 9140390.20806
210 4352069.36414
211 -4634627.98717
212 -9557036.96032
213 -5706519.76849
214 3576034.92149
215 9787149.68419
216 7046990.79996
217 -2341299.91573
218 -9809359.83411
219 -8339824.81086
220 945528.540535
221 9605774.58316
222 9549865.29659
223 590966.645326
224 -9162694.60875
225 -10641238.7516
226 -2242792.64568
227 8471274.00595
228 11578209.9791
229 3979742.46378
230 -7528101.27234
231 -12326093.3365
232 -5767203.61564
233 6335681.10128
234 12852199.8616
235 7566707.31282
236 -4902798.09385
237 -13126798.0739
238 -9336613.14453
239 3244745.44815
240 13124064.5557
241 11032920.2513
242 -1383404.18563
243 -12822999.2656
244 -12610192.167
245 -652838.508439
246 12208279.9669
247 14022578.8145
248 2829339.77229
249 -11271030.2255
250 -15224915.6746
251 -5105624.4476
252 10009476.1652
253 16173877.0099
254 7435981.22367
255 -8429468.58174