-254.5 -494864.042275
-251.5 2442293.14841
-248.5 -4204018.38544
-245.5 5754381.36872
-241.5 4804850.04017
-238.5 -3033188.00883
-235.5 1326278.73437
-232.5 283079.035291
-229.5 -1766553.08109
-226.5 3100632.85254
-223.5 -4266863.96291
-219.5 -3680371.54143
-216.5 2342002.80036
-213.5 -1060237.81209
-210.5 -140663.141747
-207.5 1240120.60082
-204.5 -2221472.6676
-201.5 3072083.84798
-197.5 2733220.60035
-194.5 -1750558.5914
-191.5 816504.407357
-188.5 51654.6072728
-185.5 -839619.308211
-182.5 1536192.23814
-179.5 -2133320.68139
-175.5 -1953896.03996
-172.5 1257207.3255
-169.5 -601314.363502
-166.5 -2069.82893944
-163.5 543584.302514
-160.5 -1016270.37831
-157.5 1415538.49631
-153.5 1330989.42766
-150.5 -858339.002829
-147.5 418907.798705
-144.5 -20101.0530721
-141.5 -332480.592825
-138.5 635017.54456
-135.5 -885416.312668
-131.5 -851209.32091
-128.5 548382.129869
-125.5 -271540.554263
-122.5 24882.6985058
-119.5 188703.95099
-116.5 -367599.640114
-113.5 511359.84548
-109.5 499387.847324
-106.5 -319822.332603
-103.5 159479.573719
-100.5 -20320.5244824
-97.5 -96597.7665002
-94.5 191043.838255
-91.5 -263530.641775
-87.5 -258506.476608
-84.5 163204.266995
-81.5 -81015.9196121
-78.5 12470.8082322
-75.5 42452.3994528
-72.5 -84260.8497785
-69.5 113856.490305
-65.5 109703.944993
-62.5 -67151.7880152
-59.5 32461.6759483
-56.5 -5408.19337886
-53.5 -14520.4660251
-50.5 28049.3279929
-47.5 -36059.0497199
-43.5 -32303.5473551
-40.5 18371.3018241
-37.5 -8164.5279607
-34.5 1217.35826424
-31.5 3014.69568976
-28.5 -5116.56541208
-25.5 5662.96970678
-21.5 3822.36362704
-18.5 -1673.4871136
-15.5 506.183717032
-12.5 -2.05420283952
-9.5 -121.604231641
-6.5 81.5341950435
-3.5 -21.8617042543
0 0.0
3.5 -21.9187178004
6.5 81.4975169882
9.5 -121.630857823
12.5 -2.07526946148
15.5 506.165946085
18.5 -1673.50290873
21.5 3822.34891958
25.5 5662.95920749
28.5 -5116.57458265
31.5 3014.68745276
34.5 1217.3506664
37.5 -8164.53515407
40.5 18371.2948311
43.5 -32303.5543459
47.5 -36059.0554864
50.5 28049.322755
53.5 -14520.4708945
56.5 -5408.1980084
59.5 32461.6714472
62.5 -67151.792494
65.5 109703.940424
69.5 113856.486322
72.5 -84260.8534486
75.5 42452.3959949
78.5 12470.8049042
81.5 -81015.9228843
84.5 163204.263706
87.5 -258506.479993
91.5 -263530.644823
94.5 191043.835428
97.5 -96597.7691821
100.5 -20320.5270799
103.5 159479.57115
106.5 -319822.335198
109.5 499387.844639
113.5 511359.843008
116.5 -367599.642416
119.5 188703.948799
122.5 24882.696376
125.5 -271540.556376
128.5 548382.127728
131.5 -851209.323131
135.5 -885416.314749
138.5 635017.542617
141.5 -332480.594678
144.5 -20101.054877
147.5 418907.796911
150.5 -858339.00465
153.5 1330989.42577
157.5 1415538.49451
160.5 -1016270.37999
163.5 543584.300908
166.5 -2069.83050545
169.5 -601314.36506
172.5 1257207.32392
175.5 -1953896.0416
179.5 -2133320.68298
182.5 1536192.23666
185.5 -839619.309628
188.5 51654.6058897
191.5 816504.40598
194.5 -1750558.5928
197.5 2733220.5989
201.5 3072083.84656
204.5 -2221472.66892
207.5 1240120.59955
210.5 -140663.142986
213.5 -1060237.81332
216.5 2342002.7991
219.5 -3680371.54274
223.5 -4266863.96419
226.5 3100632.85133
229.5 -1766553.08224
232.5 283079.034169
235.5 1326278.73326
238.5 -3033188.00996
241.5 4804850.03899
245.5 5754381.36755
248.5 -4204018.38654
251.5 2442293.14736
254.5 -494864.0433